1.39,-4.75,13.59
2.36,1.77,6.31
3.92,-4.13,18.98
-2.81,0.05,-4.09
-4.73,-3.01,-4.38
-2.8,0.89,-5.44
3.09,-4.94,18.18
-1.6,-3.45,4.03
4.57,-1.63,16.91
3.47,1.04,10.13
3.07,2.3,6.96
-1.21,0.52,-0.86
3.29,1.19,9.52
2.05,-4.54,14.84
-2.72,-2.11,-0.58
-3.99,-2.22,-3.62
1.36,-1.35,8.38
-2.33,4.37,-9.33
1.48,1.09,5.14
-3.37,-1.21,-3.47
4.9,1.4,13.01
3.43,2.76,7.39
-2.71,-4.68,3.21
-2.89,4.43,-10.8
3.76,-1.85,15.11
4.15,-0.41,13.91
-2.35,-2.53,0.85
0.85,3.98,-0.87
-1.01,-2.81,4.81
-4.09,-4.53,-0.43
-3.9,1.27,-8.62
-4.36,-1.18,-6.23
4.96,0.29,15.16
-4.89,2.21,-12.58
1.82,0.37,6.98
-3.88,-0.65,-5.58
-0.46,4.54,-4.9
0.01,-3.21,7.79
4.13,3.71,7.72
1.09,-3.47,11.07
2.63,0.39,9.01
-4.99,-1.76,-6.96
-4.81,4.29,-15.32
-1.92,-4.42,4.7
3.78,4.47,5.84
-4.31,2.61,-11.63
2.66,-3.72,15.11
-2.35,3.72,-8.44
-0.77,-2.88,5.24
-2.99,-1.88,-1.7
4.95,1.5,13.02
-3.79,-2.75,-2.3
-1.62,0.88,-2.36
-4.29,1.31,-9.62
-2.71,4.05,-9.83
-2.62,1.69,-6.12
-2.86,-3.68,1.49
-0.27,2.85,-2.0
3.07,-3.1,15.41
-0.76,-0.33,1.66
2.29,1.73,6.18
-0.97,-1.61,2.99
3.62,-2.51,15.86
-0.78,-2.21,4.46
-2.5,4.23,-9.79
0.5,-4.49,11.05
4.99,3.36,10.66
3.49,-3.34,16.7
-0.14,-2.86,6.91
-1.21,4.85,-7.28
-2.35,2.84,-7.23
4.57,4.95,7.03
0.56,2.18,1.18
4.69,0.79,13.61
0.42,2.48,0.45
0.03,3.53,-2.17
-3.43,4.61,-12.43
0.95,1.75,2.78
-2.65,-3.8,2.13
0.95,1.19,3.54
-0.81,0.84,-0.52
-2.96,2.16,-7.67
-2.61,-1.04,-2.0
-1.84,2.52,-5.45
-4.27,-0.42,-6.71
-4.27,-2.87,-3.37
-2.35,4.33,-9.22
-1.3,-3.42,4.74
3.34,2.04,8.06
1.54,-4.92,14.04
3.17,-2.01,13.82
-3.66,-3.85,-0.57
-3.93,0.53,-7.64
2.18,-2.96,13.02
1.34,-2.36,9.67
3.46,-4.08,17.79
-0.76,-2.23,4.62
1.37,-2.38,10.0
2.41,0.52,8.24
-4.25,3.83,-13.36
4.04,0.46,12.48
-3.52,-3.73,-0.32
-1.92,3.99,-7.73
3.99,-2.9,17.14
-2.5,-3.97,2.75
-0.94,1.21,-1.36
-3.45,4.3,-11.89
3.11,3.81,4.85
-4.75,2.37,-12.54
3.02,3.64,5.29
3.11,-2.33,14.28
3.72,3.59,6.87
-2.78,3.17,-8.78
2.95,-2.72,14.47
-4.76,-3.07,-4.38
4.67,-2.21,18.17
1.41,-1.0,8.14
4.39,-3.85,19.74
4.7,-3.21,19.64
-3.92,-0.65,-5.85
2.29,-1.86,11.43
-1.15,0.77,-1.1
-2.45,2.09,-6.03
0.38,2.19,0.67
2.42,1.71,6.45
1.64,-1.7,9.68
-1.86,3.48,-6.89
-1.91,-0.92,-0.47
-0.98,-2.04,3.68
4.4,1.77,11.41
4.03,1.16,11.3
-5.0,-2.13,-6.18
-0.7,0.8,-0.01
-0.58,-2.86,5.75
-0.27,4.01,-3.67
-4.15,0.15,-7.66
1.33,-1.65,8.87
1.73,-2.75,11.3
-3.01,-4.76,2.62
3.5,-4.27,18.27
-0.86,1.3,-1.05
-0.06,-2.56,6.84
1.56,-4.94,14.31
-3.93,-0.75,-5.87
-3.24,4.58,-12.0
-2.51,3.48,-8.49
-0.44,3.01,-2.77
0.95,4.5,-1.64
3.91,1.13,11.06
3.31,0.48,10.44
3.97,2.44,9.19
-2.53,1.38,-5.38
2.66,0.21,9.28
-4.23,-2.14,-4.43
-2.28,-1.8,-0.05
-2.69,1.94,-6.64
2.06,-4.36,14.59
-0.84,-2.93,5.37
-0.8,4.05,-5.2
3.57,2.66,7.85
-1.2,-4.94,7.31
3.53,4.53,5.16
-0.81,2.48,-2.88
-2.79,-2.81,0.2
-0.64,-4.71,8.38
-0.96,-3.35,5.75
-0.33,-3.72,7.74
-1.06,0.64,-0.63
-4.73,1.43,-10.9
-4.5,-1.21,-6.36
-2.88,-1.73,-1.59
2.52,3.32,4.22
-2.48,-4.18,3.19
5.0,-1.5,17.77
1.5,2.81,2.44
4.5,-3.01,18.62
-4.8,-3.48,-3.68
0.64,-2.82,8.94
1.99,2.67,4.04
2.48,-3.85,15.1
3.19,4.65,4.02
-1.88,1.77,-4.34
4.58,-1.03,15.98
1.91,1.27,5.83
-3.98,2.72,-10.95
-3.79,4.84,-13.84
2.83,-1.53,12.28
0.06,-1.59,5.58
3.5,3.22,7.12
1.36,3.29,1.62
2.07,-0.65,9.12
-2.3,3.08,-7.63
0.38,-0.17,4.05
-2.32,3.52,-8.02
3.31,-4.13,17.53
-0.35,1.1,0.42
-1.21,-4.71,7.08
-2.88,2.98,-8.72
-1.6,3.8,-6.72
-4.9,4.48,-16.05
